7,3 0
31,6 3
20,25 0
16,9 0
6,28 0
21,28 0
19,4 0
17,20 0
7,25 3
22,19 3
20,7 0
18,19 3
23,26 0
21,6 3
8,5 3
32,2 0
35,15 3
9,0 0
33,3 3
36,8 0
10,7 0
34,8 0
37,13 3
11,22 0
35,21 0
0,17 0
24,14 3
14,1 3
38,2 0
12,17 3
36,22 3
1,28 3
25,15 3
15,4 0
39,11 0
13,20 0
37,23 0
2,27 0
26,12 0
29,17 3
3,2 3
27,1 0
30,14 0
4,5 3
28,10 3
31,15 3
5,24 0
29,11 3
16,0 0
6,23 3
30,16 0
19,13 0
17,13 3
7,22 0
31,21 3
20,14 0
18,10 3
23,19 0
21,15 0
8,12 3
32,25 3
22,12 0
9,9 3
33,4 0
23,9 3
10,14 3
34,3 0
8,18 0
11,15 0
35,26 3
9,19 3
24,21 3
14,8 3
38,5 0
12,8 3
36,29 0
1,21 3
25,16 0
15,13 3
39,0 0
13,13 0
37,16 3
2,18 0
26,23 0
0,14 0
3,11 0
27,6 3
1,15 3
4,12 0
28,1 3
2,12 0
5,1 0
29,4 0
3,17 3
16,7 0
6,14 0
30,27 3
19,18 0
17,6 0
7,15 0
31,18 0
20,21 0
18,5 3
16,29 0
21,8 0
17,24 0
32,16 0
22,7 3
33,29 0
23,6 0
10,9 0
34,26 3
8,25 3
11,4 0
35,3 3
9,20 3
24,28 3
14,19 3
12,7 0
36,4 0
10,19 0
25,25 0
15,10 0
13,6 0
37,25 0
11,26 3
0,5 0
24,2 0
38,22 3
12,29 0
1,0 3
25,3 3
39,23 0
4,11 0
28,24 3
2,7 0
5,10 3
29,29 0
3,22 0
6,1 0
30,2 0
4,17 0
19,27 3
7,4 0
31,27 3
5,20 3
20,28 3
16,20 3
6,27 0
21,17 3
19,1 3
17,17 3
32,23 3
18,22 3
33,22 3
34,21 3
8,0 0
32,13 0
35,8 0
9,29 0
33,8 3
14,26 3
36,3 0
10,26 0
34,15 0
15,19 0
37,2 3
11,19 0
26,25 3
0,28 0
24,9 0
38,9 0
12,20 3
27,20 3
1,25 3
25,4 0
39,12 3
13,25 0
28,23 3
26,3 3
29,22 0
27,10 3
30,5 3
4,24 0
28,13 0
31,0 0
5,29 0
20,27 0
16,11 3
6,18 0
21,26 3
19,6 0
17,10 0
7,27 3
22,17 0
20,1 3
18,17 3
23,20 0
21,4 3
8,7 3
32,4 0
22,11 0
9,6 0
33,1 3
14,29 0
36,10 0
10,5 0
34,6 3
15,24 0
37,11 3
11,8 0
35,23 0
0,19 0
24,16 0
14,7 3
38,0 0
12,19 3
36,16 0
1,18 0
25,13 3
15,6 0
39,5 0
13,18 0
37,21 3
2,25 0
26,10 0
0,9 0
38,26 3
3,4 3
27,3 0
30,12 3
4,7 0
28,4 3
31,9 3
5,6 0
29,9 0
16,2 3
6,21 3
30,22 0
19,15 0
17,3 3
7,16 3
31,23 3
20,8 0
18,8 0
16,24 0
21,13 3
8,14 3
32,27 3
22,2 0
9,15 0
33,26 0
23,11 3
10,12 0
34,1 0
8,20 0
11,1 0
35,28 3
9,17 0
24,23 0
14,14 0
12,10 3
10,22 0
25,22 3
15,15 0
39,2 0
13,11 3
2,16 0
26,21 3
0,0 0
38,29 0
3,13 0
27,24 3
1,13 3
39,24 0
4,14 0
28,3 0
2,10 0
5,15 3
29,2 0
3,19 3
6,12 0
30,25 0
4,20 0
19,20 0
17,4 0
7,9 0
31,28 0
20,23 3
18,3 3
21,22 0
32,18 0
22,5 3
18,29 0
33,19 3
23,0 0
34,24 3
8,27 0
32,8 0
11,6 0
35,5 0
9,26 3
14,17 3
12,1 3
36,6 3
10,17 0
15,20 0
13,4 0
37,7 3
11,28 0
26,28 3
0,7 0
24,4 0
38,20 0
27,17 0
1,6 3
25,1 3
39,17 3
28,26 0
2,5 0
26,6 0
5,8 0
29,27 3
3,24 0
6,7 3
30,0 0
4,19 0
19,29 0
7,6 0
31,5 3
5,18 0
16,22 3
6,25 0
19,3 0
17,23 3
7,28 3
22,28 0
20,4 0
18,20 3
33,20 0
23,25 0
34,19 0
8,2 3
32,15 0
35,10 3
9,3 0
33,14 3
14,24 3
36,13 0
10,24 0
34,13 0
15,29 0
37,0 3
11,21 0
35,16 3
24,11 0
14,2 3
38,15 0
12,22 3
27,22 0
25,10 0
39,14 0
13,23 0
28,17 3
2,28 3
26,1 3
29,20 0
3,1 0
27,12 0
30,11 0
4,26 0
28,15 0
31,2 0
5,27 3
29,14 0
16,13 3
6,16 0
21,24 3
19,8 0
17,8 3
7,21 3
22,23 0
20,3 0
18,15 0
23,22 0
21,2 3
8,9 3
32,6 3
22,9 3
9,4 0
33,7 3
23,12 3
10,3 3
34,4 0
15,26 0
37,9 0
11,10 0
35,25 0
0,21 3
24,18 3
14,5 3
38,6 0
12,13 3
36,18 0
1,16 0
25,19 0
15,0 0
39,7 0
13,16 3
37,19 0
2,23 3
26,8 0
0,11 0
38,24 0
3,6 0
27,5 3
1,10 3
39,29 0
4,1 3
28,6 0
31,11 3
5,4 3
29,7 3
16,4 3
6,11 0
30,20 0
19,17 0
17,1 0
7,18 3
31,17 3
20,10 3
18,6 3
16,26 0
21,11 0
17,27 0
32,29 0
22,0 0
9,13 0
33,24 3
23,5 3
10,10 0
8,22 0
11,3 0
9,23 3
24,25 0
14,12 0
12,4 3
36,25 3
10,20 0
25,20 0
15,9 3
13,9 0
37,28 3
11,25 3
26,19 0
0,2 0
38,19 0
3,15 3
27,26 0
1,3 3
39,26 0
4,8 0
28,29 0
2,8 0
5,13 3
29,0 0
3,21 3
6,2 0
4,22 0
19,22 0
7,11 0
5,23 3
20,17 0
18,1 0
16,17 3
21,20 3
17,28 0
32,20 0
22,27 0
18,27 0
33,17 3
23,2 3
34,22 0
8,29 0
32,10 0
35,7 0
9,24 0
33,11 3
14,23 3
12,3 3
36,0 0
25,29 0
15,22 0
13,2 3
37,5 3
26,26 3
0,25 0
24,6 0
38,10 3
12,25 0
27,19 0
1,4 3
25,7 3
39,19 3
13,28 3
28,20 3
2,3 0
26,4 0
29,25 0
3,26 3
27,9 3
6,5 0
30,6 0
4,29 0
7,0 3
31,7 0
5,16 3
20,24 0
16,8 3
21,29 0
19,5 3
17,21 0
22,18 0
20,6 0
18,18 3
23,27 0
21,7 3
34,17 0
8,4 3
32,1 0
35,12 3
9,1 0
33,12 3
36,15 0
10,6 0
34,11 0
37,14 3
11,23 3
35,18 0
0,16 0
24,13 3
14,0 0
38,13 0
12,16 3
36,21 0
1,29 0
25,8 3
15,5 0
39,8 0
13,21 0
28,19 0
2,26 0
26,15 3
29,18 3
3,3 0
27,14 3
30,9 0
4,4 3
28,9 0
31,12 3
5,25 3
29,12 3
16,15 3
6,22 0
30,19 0
19,10 3
17,14 3
7,23 3
22,21 0
20,13 0
18,13 0
23,16 0
21,0 3
8,11 3
32,24 3
22,15 0
9,10 3
33,5 0
23,14 0
10,1 3
34,2 3
8,17 0
11,12 0
35,27 0
0,23 0
24,20 3
14,11 0
38,4 3
12,15 3
36,28 3
1,22 0
25,17 0
15,2 0
39,1 3
13,14 3
37,17 0
2,21 3
26,22 3
0,13 0
3,8 3
27,7 3
1,8 3
4,3 0
28,0 3
2,15 3
5,2 0
29,5 3
16,6 0
6,9 0
30,26 0
19,19 3
17,7 0
7,12 0
31,19 3
20,20 0
18,4 0
16,28 3
21,9 0
17,25 0
22,6 0
23,7 3
10,8 0
34,29 0
8,24 0
11,5 0
35,0 0
9,21 3
24,27 3
14,18 3
12,6 0
36,27 0
10,18 0
25,26 0
15,11 0
13,7 0
37,26 0
11,27 3
26,17 0
0,4 0
24,1 0
38,17 0
12,28 0
27,28 0
1,1 3
39,20 3
4,10 3
2,6 0
5,11 3
3,23 3
6,0 0
30,29 3
4,16 0
19,24 0
7,5 0
31,24 0
5,21 3
20,19 3
16,19 0
6,26 0
21,18 3
17,18 0
32,22 3
22,25 0
18,25 0
33,23 3
23,28 0
34,20 0
32,12 3
35,9 3
33,9 0
14,21 3
36,2 0
10,29 0
34,14 0
15,16 0
13,0 0
37,3 3
11,16 0
26,24 3
0,27 0
24,8 0
38,8 0
12,27 0
27,21 0
1,26 3
25,5 3
39,13 0
13,26 0
28,22 3
2,1 0
26,2 3
29,23 3
3,28 3
27,11 0
30,4 0
28,12 0
7,2 0
31,1 3
20,26 3
16,10 0
6,29 0
21,27 0
19,7 0
17,11 0
7,24 0
22,16 0
20,0 3
18,16 0
23,21 0
21,5 3
8,6 3
32,3 3
22,10 0
35,14 3
9,7 0
33,2 3
14,28 3
36,9 0
10,4 3
34,9 0
15,25 0
37,12 3
11,9 0
35,20 0
0,18 0
24,15 3
14,6 3
38,3 0
12,18 3
36,23 3
1,19 0
25,14 0
15,7 0
39,10 0
13,19 0
37,22 3
2,24 0
26,13 0
0,8 0
29,16 0
3,5 0
27,0 0
30,15 0
4,6 0
28,11 0
31,14 3
5,7 0
29,10 3
16,1 3
6,20 0
30,17 0
19,12 0
17,12 3
7,17 3
31,20 3
20,15 0
18,11 0
23,18 0
21,14 3
8,13 0
32,26 3
22,13 0
9,8 3
33,27 0
23,8 3
10,15 3
34,0 0
8,19 3
11,14 0
35,29 0
9,18 0
24,22 3
14,9 0
12,9 3
1,20 0
25,23 0
15,12 3
39,3 0
13,12 0
2,19 3
26,20 3
0,15 0
38,28 3
3,10 3
27,25 0
1,14 3
39,25 0
4,13 0
28,2 3
2,13 0
5,0 0
29,3 0
3,16 3
6,15 0
30,24 0
19,21 0
17,5 3
7,14 0
31,29 0
20,22 0
18,2 0
21,23 3
32,17 3
22,4 0
18,28 0
33,28 3
23,1 3
34,27 0
8,26 0
11,7 0
35,2 3
9,27 3
24,29 3
14,16 3
12,0 3
36,5 0
10,16 3
25,24 3
15,21 0
13,5 0
37,24 3
11,29 0
0,6 0
24,3 3
38,23 0
1,7 3
25,2 0
39,22 0
28,25 0
2,4 3
5,9 0
29,28 0
3,25 3
6,6 3
30,3 3
4,18 0
19,26 3
7,7 3
31,26 0
5,19 3
20,29 0
16,21 3
6,24 0
21,16 0
19,0 3
17,16 0
7,29 3
18,23 3
33,21 3
34,18 0
8,1 3
32,14 0
35,11 3
9,28 0
33,15 3
14,27 3
36,12 0
10,27 3
34,12 0
15,18 0
37,1 3
11,18 0
35,17 3
0,29 0
24,10 0
38,14 3
12,21 3
27,23 0
1,24 3
25,11 3
39,15 0
13,24 0
28,16 0
26,0 3
29,21 0
27,13 3
30,10 0
4,25 3
28,14 0
31,3 3
5,28 3
29,15 0
16,12 3
6,19 0
21,25 3
19,9 0
17,9 3
7,26 3
22,22 0
20,2 3
18,14 3
23,23 0
21,3 3
8,8 3
32,5 0
22,8 0
9,5 0
33,0 3
23,13 3
36,11 0
10,2 3
34,7 0
15,27 0
37,10 3
11,11 0
35,22 0
0,20 0
24,17 3
14,4 3
38,1 0
12,12 3
36,17 0
1,17 0
25,12 3
15,1 3
39,4 0
13,17 0
37,20 0
2,22 0
26,11 0
0,10 0
38,27 3
3,7 3
27,2 0
1,11 3
30,13 0
4,0 0
28,5 3
31,8 0
5,5 0
29,8 3
16,3 3
6,10 0
30,23 0
19,14 3
17,2 0
7,19 3
31,22 3
20,9 0
18,9 3
16,25 0
21,12 3
8,15 0
32,28 3
22,3 0
9,14 3
33,25 0
23,10 3
10,13 0
8,21 0
11,0 0
9,16 3
24,24 3
14,15 0
12,11 3
36,24 3
10,23 0
25,21 0
15,14 3
13,10 0
37,29 0
2,17 0
26,18 0
0,1 0
38,18 0
3,12 0
27,27 3
1,12 3
39,27 0
4,15 0
28,28 3
2,11 0
5,14 0
29,1 3
3,18 3
6,13 3
4,21 3
19,23 3
7,8 0
20,16 0
18,0 0
16,16 3
21,21 0
17,29 0
32,19 0
22,26 3
18,26 3
33,18 0
23,3 3
34,25 3
8,28 0
32,9 0
35,4 3
9,25 3
14,22 3
12,2 3
36,7 0
15,23 0
13,3 0
37,6 3
26,29 3
0,24 0
24,5 3
38,21 0
12,24 0
27,16 0
1,5 3
25,0 0
39,16 3
13,29 0
28,27 3
2,2 3
26,7 0
29,26 0
3,27 3
6,4 3
30,1 3
4,28 0
19,28 3
7,1 3
31,4 0
5,17 3
16,23 3
19,2 0
17,22 0
22,29 3
20,5 0
18,21 3
23,24 3
34,16 0
8,3 3
32,0 0
35,13 3
9,2 0
33,13 0
14,25 3
36,14 0
10,25 0
34,10 0
15,28 3
37,15 3
11,20 0
35,19 3
24,12 0
14,3 0
38,12 0
12,23 3
36,20 0
25,9 3
39,9 0
13,22 0
28,18 3
2,29 0
26,14 0
29,19 0
3,0 0
27,15 3
30,8 0
4,27 0
28,8 0
31,13 3
5,26 3
29,13 0
16,14 3
6,17 0
30,18 0
19,11 0
17,15 0
7,20 0
22,20 0
20,12 3
18,12 0
23,17 0
21,1 3
8,10 3
32,7 0
22,14 0
9,11 3
33,6 3
23,15 0
10,0 3
34,5 0
8,16 3
37,8 0
11,13 0
35,24 0
0,22 0
24,19 3
14,10 0
38,7 3
12,14 3
36,19 0
1,23 3
25,18 0
15,3 0
39,6 0
13,15 0
37,18 0
2,20 0
26,9 0
0,12 0
38,25 0
3,9 3
27,4 0
1,9 0
39,28 0
4,2 3
28,7 0
2,14 0
31,10 3
5,3 0
29,6 3
16,5 3
6,8 0
30,21 0
19,16 0
17,0 0
7,13 0
31,16 3
20,11 3
18,7 0
16,27 0
21,10 0
17,26 3
22,1 0
9,12 0
23,4 0
10,11 0
34,28 3
8,23 3
11,2 0
35,1 0
9,22 3
24,26 3
14,13 0
12,5 3
36,26 3
10,21 3
25,27 0
15,8 3
13,8 0
37,27 0
11,24 3
26,16 0
0,3 0
24,0 0
38,16 3
3,14 0
27,29 0
1,2 3
39,21 0
4,9 0
2,9 0
5,12 3
3,20 0
6,3 0
30,28 0
4,23 3
19,25 0
7,10 3
31,25 0
5,22 0
20,18 0
16,18 0
21,19 3
17,19 0
32,21 3
22,24 0
18,24 0
33,16 3
23,29 0
34,23 0
32,11 0
35,6 0
33,10 3
14,20 3
36,1 0
10,28 3
25,28 0
15,17 0
13,1 0
37,4 3
11,17 0
26,27 3
0,26 0
24,7 0
38,11 0
12,26 3
27,18 0
1,27 3
25,6 3
39,18 3
13,27 0
28,21 3
2,0 0
26,5 3
29,24 0
3,29 0
27,8 3
30,7 0
